q1
6, (3, 2), 
q2
6, (5, 2), 
q3
4, 
q4
9, (4, 2), (5, 2), (6, 2), (7, 2), (8, 2), 
q5
7, (6, 2), 
q6
6, (5, 2), 
q7
6, 
q8
5, (4, 3), 
q10
8, (4, 2), (5, 2), 
q11
7, (4, 2), (5, 2), (6, 2), 
q12
4, 
q13
7, 
q14a
13, (7, 2), (10, 5), (12, 2), 
q15
5, 
q16
7, 
q17
9, 
q18
8, 
q19
7, 
q20
4, 
q21
5, 
q22
5, 
q23a
8, (5, 2), (7, 2), 
q24a
7, (7, 2), 
q25
9, 
q26
6, 
q27
6, 
q29
9, 
q30
7, (4, 2), 
q31
9, (4, 2), (5, 2), (6, 2), (7, 2), (8, 2), 
q32
5, (3, 2), 
q33
6, (4, 2), (5, 3), 
q34
6, 
q35
8, (4, 2), (5, 2), 
q36
5, 
q37
5, 
q38
6, (4, 2), (5, 2), 
q39a
6, (5, 2), 
q40
6, 
q42
4, 
q43
4, 
q45
7, 
q46
8, 
q47
7, (5, 2), (6, 2), 
q48
6, 
q49
5, (4, 2), 
q50
6, 
q51
4, (3, 2), 
q52
4, 
q53
5, 
q54
10, 
q55
4, 
q56
6, (4, 2), (5, 3), 
q57
7, (5, 2), (6, 2), 
q58
6, (3, 2), (4, 3), (5, 3), 
q59
6, (5, 2), 
q60
6, (4, 2), (5, 3), 
q61
8, (8, 2), 
q62
6, 
q63
5, 
q64
20, (3, 2), (19, 2), 
q65
6, (5, 2), 
q66
7, (6, 2), 
q67
5, 
q68
8, 
q69
8, (4, 2), (5, 2), 
q70
6, (5, 2), 
q71
6, (3, 2), 
q72
12, 
q73
6, 
q74
7, (4, 2), (5, 2), (6, 2), 
q75
7, (5, 2), (6, 3), 
q76
5, (4, 2), 
q77
6, (4, 2), (5, 3), 
q78
6, (4, 2), (5, 2), 
q79
6, 
q80
8, (7, 2), 
q81
7, (4, 2), 
q82
5, 
q83
7, (4, 2), (5, 4), (6, 4), 
q84
7, 
q85
9, 
q86
4, 
q87
6, (4, 2), (5, 2), 
q88
5, (5, 2), 
q89
5, 
q90
5, (5, 2), 
q91
8, 
q92
5, (3, 2), 
q93
4, 
q94
7, 
q95
8, (4, 3), 
q96
5, 
q97
4, (3, 2), 
q98
4, 
q99
6, 
